[gd_scene load_steps=9 format=2]

[ext_resource path="res://Jugador/JugadorClase_2.tscn" type="PackedScene" id=1]
[ext_resource path="res://Enemigo1.tscn" type="PackedScene" id=2]
[ext_resource path="res://Inicio/Donut.gd" type="Script" id=3]

[sub_resource type="BoxShape" id=1]

[sub_resource type="CubeMesh" id=2]

[sub_resource type="SpatialMaterial" id=3]
albedo_color = Color( 0.211765, 0.388235, 0.231373, 1 )

[sub_resource type="Animation" id=4]
resource_name = "Animu"
length = 2.0
loop = true
tracks/0/type = "value"
tracks/0/path = NodePath(".:translation")
tracks/0/interp = 1
tracks/0/loop_wrap = true
tracks/0/imported = false
tracks/0/enabled = true
tracks/0/keys = {
"times": PoolRealArray( 0, 1, 2 ),
"transitions": PoolRealArray( 1, 1, 1 ),
"update": 0,
"values": [ Vector3( 18.9706, 0, 9.35538 ), Vector3( -22.1533, 0, 9.35538 ), Vector3( 18.9706, 0, 9.35538 ) ]
}

[sub_resource type="CylinderShape" id=5]
radius = 2.46608
height = 1.84825

[node name="Escena_juego" type="Spatial"]

[node name="JugadorClase" parent="." instance=ExtResource( 1 )]
transform = Transform( -0.999992, 0, -0.00403156, 0, 1, 0, 0.00403156, 0, -0.999992, 0, 0.18889, 27.139 )

[node name="StaticBody" type="StaticBody" parent="."]

[node name="CollisionShape" type="CollisionShape" parent="StaticBody"]
transform = Transform( 25.3039, 0, 0, 0, 0.0479277, 0, 0, 0, 13.0176, 0, 0, 17.4578 )
shape = SubResource( 1 )

[node name="MeshInstance" type="MeshInstance" parent="StaticBody"]
transform = Transform( 25.3039, 0, 0, 0, 0.0479277, 0, 0, 0, 13.0176, 0, 0, 17.4835 )
mesh = SubResource( 2 )
material/0 = SubResource( 3 )

[node name="Robot" parent="." instance=ExtResource( 2 )]
transform = Transform( 0.998736, 0, 0.0502618, 0, 1, 0, -0.0502618, 0, 0.998736, 18.9706, 0, 9.35538 )

[node name="AnimationPlayer" type="AnimationPlayer" parent="Robot"]
autoplay = "Animu"
anims/Animu = SubResource( 4 )

[node name="Donut" type="StaticBody" parent="."]
script = ExtResource( 3 )

[node name="CSGTorus" type="CSGTorus" parent="Donut"]
transform = Transform( 1, 0, 0, 0, -0.263031, -0.964787, 0, 0.964787, -0.263031, 0, 11.9923, 0 )
inner_radius = 2.25699
outer_radius = 4.51261
sides = 64
ring_sides = 22

[node name="CollisionShape" type="CollisionShape" parent="Donut"]
transform = Transform( 1, 0, 0, 0, -0.284986, -0.958532, 0, 0.958532, -0.284986, -0.0582047, -7.5193, 0 )
shape = SubResource( 5 )

[node name="Area" type="Area" parent="Donut"]

[node name="CollisionShape2" type="CollisionShape" parent="Donut/Area"]
transform = Transform( 1, 0, 0, 0, -0.284986, -0.958532, 0, 0.958532, -0.284986, -0.0582047, 12.1515, 0 )
shape = SubResource( 5 )
[connection signal="body_entered" from="Donut/Area" to="Donut" method="_on_Area_body_entered"]
